# Format: G L [O] Chi H [m1 ... mr] E, where:
#
# G: Genus of the covering surface.
# L: Cyclic covering period.
# O: Sign, "+" for orientable orbifolds and "-" for non-orientable ones.
# Chi: Euler characteristics of the covered surface.
# H: Number of boundary components in the covered surface. If O is "-", the number of crosscaps is 2 - Chi - H; is O is "+", the number of handles is (2 - Chi - H) / 2.
# [m1 ... mr]: Branch point indices.
# E: Number of orientation-and-order-preserving epimorphisms from the F-group of the orbifold onto Z_L endowed with non-trivial sign structure.

  0   2 [+]   1  1 [] 1
  0   2 [-]   1  0 [] 1
  0   4 [-]   1  0 [2] 2
  0   6 [+]   1  1 [3] 2
  0   6 [-]   1  0 [3] 2
  0   8 [-]   1  0 [4] 4
  0  10 [+]   1  1 [5] 4
  0  10 [-]   1  0 [5] 4
  0  12 [-]   1  0 [6] 4
  0  14 [+]   1  1 [7] 6
  0  14 [-]   1  0 [7] 6
  0  16 [-]   1  0 [8] 8
  0  18 [+]   1  1 [9] 6
  0  18 [-]   1  0 [9] 6
  0  20 [-]   1  0 [10] 8
  0  22 [+]   1  1 [11] 10
  0  22 [-]   1  0 [11] 10
  0  24 [-]   1  0 [12] 8
  0  26 [+]   1  1 [13] 12
  0  26 [-]   1  0 [13] 12
  0  28 [-]   1  0 [14] 12
  0  30 [+]   1  1 [15] 8
  0  30 [-]   1  0 [15] 8
  0  32 [-]   1  0 [16] 16
  0  34 [+]   1  1 [17] 16
  0  34 [-]   1  0 [17] 16
  0  36 [-]   1  0 [18] 12
  0  38 [+]   1  1 [19] 18
  0  38 [-]   1  0 [19] 18
  0  40 [-]   1  0 [20] 16
# .... <infinite series for G = 0 truncated to L = 40>
  1   2 [+]   0  2 [] 1
  1   2 [-]   0  0 [] 1
  1   2 [-]   0  1 [] 1
  1   4 [-]   0  0 [] 4
  1   6 [+]   0  2 [] 2
  1   6 [-]   0  0 [] 2
  1   6 [-]   0  1 [] 2
  1   8 [-]   0  0 [] 8
  1  10 [+]   0  2 [] 4
  1  10 [-]   0  0 [] 4
  1  10 [-]   0  1 [] 4
  1  12 [-]   0  0 [] 8
  1  14 [+]   0  2 [] 6
  1  14 [-]   0  0 [] 6
  1  14 [-]   0  1 [] 6
  1  16 [-]   0  0 [] 16
  1  18 [+]   0  2 [] 6
  1  18 [-]   0  0 [] 6
  1  18 [-]   0  1 [] 6
  1  20 [-]   0  0 [] 16
  1  22 [+]   0  2 [] 10
  1  22 [-]   0  0 [] 10
  1  22 [-]   0  1 [] 10
  1  24 [-]   0  0 [] 16
  1  26 [+]   0  2 [] 12
  1  26 [-]   0  0 [] 12
  1  26 [-]   0  1 [] 12
  1  28 [-]   0  0 [] 24
  1  30 [+]   0  2 [] 8
  1  30 [-]   0  0 [] 8
  1  30 [-]   0  1 [] 8
  1  32 [-]   0  0 [] 32
  1  34 [+]   0  2 [] 16
  1  34 [-]   0  0 [] 16
  1  34 [-]   0  1 [] 16
  1  36 [-]   0  0 [] 24
  1  38 [+]   0  2 [] 18
  1  38 [-]   0  0 [] 18
  1  38 [-]   0  1 [] 18
  1  40 [-]   0  0 [] 32
# .... <infinite series for G = 1 truncated to L = 40>
  2   2 [+]  -1  1 [] 1
  2   2 [+]  -1  3 [] 1
  2   2 [-]  -1  0 [] 1
  2   2 [-]  -1  1 [] 1
  2   2 [-]  -1  2 [] 1
  2   4 [-]   1  0 [2 2 2] 2
  2   6 [+]   1  1 [3 3] 4
  2   6 [-]   1  0 [3 3] 4
  2   8 [-]   1  0 [2 4] 4
  2  12 [-]   1  0 [2 3] 4
  3   2 [+]  -2  2 [] 1
  3   2 [+]  -2  4 [] 1
  3   2 [-]  -2  0 [] 1
  3   2 [-]  -2  1 [] 1
  3   2 [-]  -2  2 [] 1
  3   2 [-]  -2  3 [] 1
  3   4 [-]   0  0 [2 2] 4
  3   6 [+]   0  2 [3] 6
  3   6 [-]   0  0 [3] 6
  3   6 [-]   0  1 [3] 6
  3   8 [-]   0  0 [2] 8
  4   2 [+]  -3  1 [] 1
  4   2 [+]  -3  3 [] 1
  4   2 [+]  -3  5 [] 1
  4   2 [-]  -3  0 [] 1
  4   2 [-]  -3  1 [] 1
  4   2 [-]  -3  2 [] 1
  4   2 [-]  -3  3 [] 1
  4   2 [-]  -3  4 [] 1
  4   4 [-]   1  0 [2 2 2 2 2] 2
  4   4 [-]  -1  0 [2] 8
  4   6 [+]   1  1 [3 3 3] 8
  4   6 [-]   1  0 [3 3 3] 8
  4   6 [+]  -1  1 [] 8
  4   6 [+]  -1  3 [] 8
  4   6 [-]  -1  0 [] 8
  4   6 [-]  -1  1 [] 8
  4   6 [-]  -1  2 [] 8
  4   8 [-]   1  0 [2 2 4] 4
  4  10 [+]   1  1 [5 5] 16
  4  10 [-]   1  0 [5 5] 16
  4  12 [-]   1  0 [3 6] 8
  4  16 [-]   1  0 [2 8] 8
  4  20 [-]   1  0 [2 5] 8
  5   2 [+]  -4  2 [] 1
  5   2 [+]  -4  4 [] 1
  5   2 [+]  -4  6 [] 1
  5   2 [-]  -4  0 [] 1
  5   2 [-]  -4  1 [] 1
  5   2 [-]  -4  2 [] 1
  5   2 [-]  -4  3 [] 1
  5   2 [-]  -4  4 [] 1
  5   2 [-]  -4  5 [] 1
  5   4 [-]   0  0 [2 2 2 2] 4
  5   4 [-]  -2  0 [] 16
  5   6 [+]   0  2 [3 3] 12
  5   6 [-]   0  0 [3 3] 12
  5   6 [-]   0  1 [3 3] 12
  5   8 [-]   0  0 [2 2] 8
  5  10 [+]   0  2 [5] 20
  5  10 [-]   0  0 [5] 20
  5  10 [-]   0  1 [5] 20
  5  12 [-]   0  0 [3] 24
  5  16 [-]   0  0 [2] 16
  6   2 [+]  -5  1 [] 1
  6   2 [+]  -5  3 [] 1
  6   2 [+]  -5  5 [] 1
  6   2 [+]  -5  7 [] 1
  6   2 [-]  -5  0 [] 1
  6   2 [-]  -5  1 [] 1
  6   2 [-]  -5  2 [] 1
  6   2 [-]  -5  3 [] 1
  6   2 [-]  -5  4 [] 1
  6   2 [-]  -5  5 [] 1
  6   2 [-]  -5  6 [] 1
  6   4 [-]   1  0 [2 2 2 2 2 2 2] 2
  6   4 [-]  -1  0 [2 2 2] 8
  6   6 [+]   1  1 [3 3 3 3] 16
  6   6 [-]   1  0 [3 3 3 3] 16
  6   6 [+]  -1  1 [3] 18
  6   6 [+]  -1  3 [3] 18
  6   6 [-]  -1  0 [3] 18
  6   6 [-]  -1  1 [3] 18
  6   6 [-]  -1  2 [3] 18
  6   8 [-]   1  0 [2 2 2 4] 4
  6   8 [-]   1  0 [4 4 4] 16
  6  10 [+]  -1  1 [] 24
  6  10 [+]  -1  3 [] 24
  6  10 [-]  -1  0 [] 24
  6  10 [-]  -1  1 [] 24
  6  10 [-]  -1  2 [] 24
  6  12 [-]   1  0 [2 2 6] 4
  6  12 [-]   1  0 [2 3 3] 8
  6  14 [+]   1  1 [7 7] 36
  6  14 [-]   1  0 [7 7] 36
  6  16 [-]   1  0 [4 8] 16
  6  18 [+]   1  1 [3 9] 12
  6  18 [-]   1  0 [3 9] 12
  6  24 [-]   1  0 [2 12] 8
  6  24 [-]   1  0 [3 4] 8
  6  28 [-]   1  0 [2 7] 12
  7   2 [+]  -6  2 [] 1
  7   2 [+]  -6  4 [] 1
  7   2 [+]  -6  6 [] 1
  7   2 [+]  -6  8 [] 1
  7   2 [-]  -6  0 [] 1
  7   2 [-]  -6  1 [] 1
  7   2 [-]  -6  2 [] 1
  7   2 [-]  -6  3 [] 1
  7   2 [-]  -6  4 [] 1
  7   2 [-]  -6  5 [] 1
  7   2 [-]  -6  6 [] 1
  7   2 [-]  -6  7 [] 1
  7   4 [-]   0  0 [2 2 2 2 2 2] 4
  7   4 [-]  -2  0 [2 2] 16
  7   6 [+]   0  2 [3 3 3] 24
  7   6 [-]   0  0 [3 3 3] 24
  7   6 [-]   0  1 [3 3 3] 24
  7   6 [+]  -2  2 [] 26
  7   6 [+]  -2  4 [] 26
  7   6 [-]  -2  0 [] 26
  7   6 [-]  -2  1 [] 26
  7   6 [-]  -2  2 [] 26
  7   6 [-]  -2  3 [] 26
  7   8 [-]   0  0 [2 2 2] 8
  7   8 [-]   0  0 [4 4] 32
  7  12 [-]   0  0 [2 2] 8
  7  14 [+]   0  2 [7] 42
  7  14 [-]   0  0 [7] 42
  7  14 [-]   0  1 [7] 42
  7  16 [-]   0  0 [4] 32
  7  18 [+]   0  2 [3] 12
  7  18 [-]   0  0 [3] 12
  7  18 [-]   0  1 [3] 12
  7  24 [-]   0  0 [2] 16
  8   2 [+]  -7  1 [] 1
  8   2 [+]  -7  3 [] 1
  8   2 [+]  -7  5 [] 1
  8   2 [+]  -7  7 [] 1
  8   2 [+]  -7  9 [] 1
  8   2 [-]  -7  0 [] 1
  8   2 [-]  -7  1 [] 1
  8   2 [-]  -7  2 [] 1
  8   2 [-]  -7  3 [] 1
  8   2 [-]  -7  4 [] 1
  8   2 [-]  -7  5 [] 1
  8   2 [-]  -7  6 [] 1
  8   2 [-]  -7  7 [] 1
  8   2 [-]  -7  8 [] 1
  8   4 [-]   1  0 [2 2 2 2 2 2 2 2 2] 2
  8   4 [-]  -1  0 [2 2 2 2 2] 8
  8   4 [-]  -3  0 [2] 32
  8   6 [+]   1  1 [3 3 3 3 3] 32
  8   6 [-]   1  0 [3 3 3 3 3] 32
  8   6 [+]  -1  1 [3 3] 36
  8   6 [+]  -1  3 [3 3] 36
  8   6 [-]  -1  0 [3 3] 36
  8   6 [-]  -1  1 [3 3] 36
  8   6 [-]  -1  2 [3 3] 36
  8   8 [-]   1  0 [2 2 2 2 4] 4
  8   8 [-]   1  0 [2 4 4 4] 16
  8   8 [-]  -1  0 [4] 64
  8  10 [+]   1  1 [5 5 5] 64
  8  10 [-]   1  0 [5 5 5] 64
  8  12 [-]   1  0 [2 2 2 3] 4
  8  12 [-]   1  0 [2 6 6] 8
  8  12 [-]   1  0 [3 3 6] 16
  8  14 [+]  -1  1 [] 48
  8  14 [+]  -1  3 [] 48
  8  14 [-]  -1  0 [] 48
  8  14 [-]  -1  1 [] 48
  8  14 [-]  -1  2 [] 48
  8  16 [-]   1  0 [2 2 8] 8
  8  18 [+]   1  1 [9 9] 36
  8  18 [-]   1  0 [9 9] 36
  8  20 [-]   1  0 [5 10] 32
  8  24 [-]   1  0 [3 12] 16
  8  24 [-]   1  0 [4 6] 8
  8  30 [+]   1  1 [3 5] 8
  8  30 [-]   1  0 [3 5] 8
  8  32 [-]   1  0 [2 16] 16
  8  36 [-]   1  0 [2 9] 12
  9   2 [+]  -8  2 [] 1
  9   2 [+]  -8  4 [] 1
  9   2 [+]  -8  6 [] 1
  9   2 [+]  -8  8 [] 1
  9   2 [+]  -8 10 [] 1
  9   2 [-]  -8  0 [] 1
  9   2 [-]  -8  1 [] 1
  9   2 [-]  -8  2 [] 1
  9   2 [-]  -8  3 [] 1
  9   2 [-]  -8  4 [] 1
  9   2 [-]  -8  5 [] 1
  9   2 [-]  -8  6 [] 1
  9   2 [-]  -8  7 [] 1
  9   2 [-]  -8  8 [] 1
  9   2 [-]  -8  9 [] 1
  9   4 [-]   0  0 [2 2 2 2 2 2 2 2] 4
  9   4 [-]  -2  0 [2 2 2 2] 16
  9   4 [-]  -4  0 [] 64
  9   6 [+]   0  2 [3 3 3 3] 48
  9   6 [-]   0  0 [3 3 3 3] 48
  9   6 [-]   0  1 [3 3 3 3] 48
  9   6 [+]  -2  2 [3] 54
  9   6 [+]  -2  4 [3] 54
  9   6 [-]  -2  0 [3] 54
  9   6 [-]  -2  1 [3] 54
  9   6 [-]  -2  2 [3] 54
  9   6 [-]  -2  3 [3] 54
  9   8 [-]   0  0 [2 2 2 2] 8
  9   8 [-]   0  0 [2 4 4] 32
  9   8 [-]  -2  0 [] 128
  9  10 [+]   0  2 [5 5] 80
  9  10 [-]   0  0 [5 5] 80
  9  10 [-]   0  1 [5 5] 80
  9  12 [-]   0  0 [2 6] 24
  9  12 [-]   0  0 [3 3] 48
  9  16 [-]   0  0 [2 2] 16
  9  18 [+]   0  2 [9] 54
  9  18 [-]   0  0 [9] 54
  9  18 [-]   0  1 [9] 54
  9  20 [-]   0  0 [5] 80
  9  24 [-]   0  0 [3] 48
  9  32 [-]   0  0 [2] 32
 10   2 [+]  -9  1 [] 1
 10   2 [+]  -9  3 [] 1
 10   2 [+]  -9  5 [] 1
 10   2 [+]  -9  7 [] 1
 10   2 [+]  -9  9 [] 1
 10   2 [+]  -9 11 [] 1
 10   2 [-]  -9  0 [] 1
 10   2 [-]  -9  1 [] 1
 10   2 [-]  -9  2 [] 1
 10   2 [-]  -9  3 [] 1
 10   2 [-]  -9  4 [] 1
 10   2 [-]  -9  5 [] 1
 10   2 [-]  -9  6 [] 1
 10   2 [-]  -9  7 [] 1
 10   2 [-]  -9  8 [] 1
 10   2 [-]  -9  9 [] 1
 10   2 [-]  -9 10 [] 1
 10   4 [-]   1  0 [2 2 2 2 2 2 2 2 2 2 2] 2
 10   4 [-]  -1  0 [2 2 2 2 2 2 2] 8
 10   4 [-]  -3  0 [2 2 2] 32
 10   6 [+]   1  1 [3 3 3 3 3 3] 64
 10   6 [-]   1  0 [3 3 3 3 3 3] 64
 10   6 [+]  -1  1 [3 3 3] 72
 10   6 [+]  -1  3 [3 3 3] 72
 10   6 [-]  -1  0 [3 3 3] 72
 10   6 [-]  -1  1 [3 3 3] 72
 10   6 [-]  -1  2 [3 3 3] 72
 10   6 [+]  -3  1 [] 80
 10   6 [+]  -3  3 [] 80
 10   6 [+]  -3  5 [] 80
 10   6 [-]  -3  0 [] 80
 10   6 [-]  -3  1 [] 80
 10   6 [-]  -3  2 [] 80
 10   6 [-]  -3  3 [] 80
 10   6 [-]  -3  4 [] 80
 10   8 [-]   1  0 [2 2 2 2 2 4] 4
 10   8 [-]   1  0 [2 2 4 4 4] 16
 10   8 [-]  -1  0 [2 4] 64
 10  10 [+]  -1  1 [5] 100
 10  10 [+]  -1  3 [5] 100
 10  10 [-]  -1  0 [5] 100
 10  10 [-]  -1  1 [5] 100
 10  10 [-]  -1  2 [5] 100
 10  12 [-]   1  0 [2 2 3 6] 8
 10  12 [-]   1  0 [2 3 3 3] 16
 10  12 [-]   1  0 [6 6 6] 16
 10  12 [-]  -1  0 [2] 64
 10  16 [-]   1  0 [2 4 8] 16
 10  18 [+]  -1  1 [] 72
 10  18 [+]  -1  3 [] 72
 10  18 [-]  -1  0 [] 72
 10  18 [-]  -1  1 [] 72
 10  18 [-]  -1  2 [] 72
 10  20 [-]   1  0 [2 2 10] 8
 10  22 [+]   1  1 [11 11] 100
 10  22 [-]   1  0 [11 11] 100
 10  24 [-]   1  0 [6 12] 16
 10  30 [+]   1  1 [3 15] 16
 10  30 [-]   1  0 [3 15] 16
 10  40 [-]   1  0 [2 20] 16
 10  44 [-]   1  0 [2 11] 20